1553499575,51,64,1212,2172,2527
1553499577,78,52,1234,2018,2272
1553499579,61,78,1778,2702,2311
1553499581,58,56,1467,2243,2762
1553499583,56,61,1389,2824,2428
1553499585,80,65,1668,1706,2526
1553499587,69,80,1217,1818,2204
1553499589,66,63,1142,2158,2912
1553499591,84,85,1577,2391,2122
1553499593,80,82,1897,2425,2221
1553499595,72,61,1607,2137,2385
1553499597,61,53,1140,2988,2375
1553499599,73,81,1714,2453,2509
1553499601,50,56,1650,2497,2532
1553499603,60,86,1327,2158,2333
1553499605,95,51,1447,1584,2766
1553499607,59,67,1716,1909,2921
1553499609,65,59,1752,2271,2004
1553499611,71,55,1300,2991,2109
1553499613,72,85,1800,2045,2793
1553499615,53,64,1127,1630,2651
1553499617,67,77,1802,1895,2926
1553499619,52,89,1746,2897,2315
1553499621,94,59,1280,2677,2675
1553499623,60,69,1733,2181,2671
1553499625,97,59,1247,1542,2111
1553499627,58,65,1764,1654,2492
1553499629,93,76,1092,2371,2758
1553499631,95,59,1261,2924,2646
1553499633,55,78,1117,2259,2293
1553499635,64,62,1859,2089,2413
1553499637,66,51,1909,2677,2343
1553499639,97,88,1112,1780,2532
1553499641,64,69,1811,2040,2456
1553499643,87,80,1806,1552,2787
1553499645,77,76,1256,2107,2477
1553499647,87,68,1693,2666,2349
1553499649,95,61,1310,2402,2282
1553499651,71,61,1629,2270,2191
1553499653,50,59,1627,2812,2942
1553499655,97,71,1800,2213,2488
